2323
4294967295
0
1
2147483647
2147483648
1073741824
 536870912
 268435456
 134217728
  67108864
  33554432
  16777216
   8388608
   4194304
   2097152
   1048576
    524288
    262144
    131072
     65536
     32768
     16384
      8192
      4096
      2048
      1024
       512
       256
       128
        64
        32
        16
         8
         4
         2
3221225472
3758096384
4026531840
4160749568
4227858432
4261412864
4278190080
4286578688
4290772992
4292870144
4293918720
4294443008
4294705152
4294836224
4294901760
4294934528
4294950912
4294959104
4294963200
4294965248
4294966272
4294966784
4294967040
4294967168
4294967232
4294967264
4294967280
4294967288
4294967292
4294967294
