25863
-24592
12227
31173
-25746
356
-31378
-6877
-23360
5574
-1174
1375
-171
-23360
-16438
10664
9552
-30267
-6976
-26246
453
27478
1216
-10917
15814
-9008
-4688
-27797
11359
23247
-1174
30153
7765
-30891
841
2902
-23569
-14645
21653
19614
19589
-806
7093
20985
-19264
28003
-27284
-25313
31592
10489
1220
-24120
-32315
-3185
15129
-31930
32035
-31548
-18995
13520
1474
4549
-22161
-29504
10623
-13883
-22076
20819
-17053
-6974
-14904
-12826
19816
-30267
-15510
-11072
26523
-16960
-31408
3529
-4132
9408
5007
-21654
17801
-50
19269
-2615
-21204
22983
30668
-19008
-29306
11114
13663
-22700
-2880
32707
-31397
-9892
16728
2501
13295
8644
-6976
14447
9049
-25235
25936
-31548
9673
-4924
21653
-19046
-3638
15833
-20541
23888
-22079
-5796
-17057
15208
-561
25955
15552
-10292
29124
29647
9066
31173
455
25796
-19623
11090
-13120
26563
-27297
32597
-3744
2933
28012
4549
23402
-17216
-15037
-6207
9049
20933
9047
24515
18885
-27562
3280
-17515
-22023
-6976
-3089
-10915
-27191
4444
-17216
29540
31076
-25249
-29866
-25376
-11313
21290
11753
-18484
7013
1225
17773
857
-19626
27595
-23360
-9857
24025
-23197
11456
-31380
-8867
-12864
-7035
-11110
-3729
-10913
875
31059
15568
-16922
-675
17258
7364
32217
3296
-29846
29125
21875
-22075
3531
-11414
-22573
30032
-23360
-27191
-1193
-24628
11456
-50
27079
12132
-26427
29020
30047
-32414
18261
20929
-15529
-15028
-9024
-17057
-5270
5071
-27255
-31914
-3303
-2630
-16951
9581
11099
32127
13140
-4515
17632
-26272
7018
29125
-18970
-15929
13162
26057
14798
-11940
4345
23744
15225
4946
3280
-24633
-2721
-171
6512
-23687
16732
-3627
19306
31936
-27515
-17254
-15009
25450
29920
5471
18528
-1593
-3478
-27189
-31380
-15495
9046
15311
15488
28003
-5655
-21149
17772
-15931
-20652
-23344
-22836
-13883
3427
-17575
19407
-11436
3159
31872
32665
-2880
28098
-3239
17238
-8759
-30376
6493
-24071
-2880
-4666
17759
17253
13078
-2164
-31550
-14887
11090
-9008
-23457
-7318
-11313
32137
31558
23321
-27142
-23096
-14994
31577
29791
11094
-832
3372
13648
-4727
-27284
9408
367
-6712
17731
29888
-25451
1242
4479
-17575
-32418
14684
25435
-23722
-7185
11456
11596
-4771
-9088
-10927
9049
9066
12741
-29488
-12459
-3643
-16548
-832
-24118
-9403
-2740
-29472
-25253
-9386
-16036
6649
32192
9565
16982
25808
3372
-17072
-9771
31968
-26685
-19105
-9386
-18740
-19879
32108
15193
-23201
21332
-21056
19816
-4780
17865
-6803
-832
-28775
19648
-26934
-5796
-11833
-6967
-23702
16982
-25376
-6804
23890
12741
-27440
1383
-15879
15715
11624
25029
-20651
-6198
-19264
-17259
-7014
29162
-11783
-832
-1696
6629
15210
1478
13599
21322
22357
-7399
6998
-31793
5312
14690
27502
9551
31695
-1174
32200
-8379
-6960
24389
17865
857
-27822
-14996
-32299
17239
-12855
15186
20163
-22075
19650
25798
-19073
23402
1218
30157
-3242
3266
21349
4950
9569
-9888
-7707
8129
-31879
15750
-13479
-11835
-8308
15488
2400
-20027
-29878
-31907
11613
4044
13506
-6817
13766
27776
9582
9049
10069
-20025
-29610
5271
17626
-25451
29914
-26730
-567
-6808
23141
23402
1497
24860
-9890
-30215
3676
-23359
12185
1216
-32401
-29207
1377
30144
13665
9567
-2219
-3643
-24211
11600
28105
3432
7392
-19073
-570
-826
-28283
-1162
24556
-9755
-8244
-27456
-16951
-29330
31936
-29588
21841
4937
23907
21728
23907
-17627
-9265
-9267
-3611
25955
-19092
14937
25983
11095
1106
-13116
-2152
-6720
25936
11721
16328
32192
19286
-6817
17772
-21312
29583
-21169
2898
-24127
-21280
27797
15514
23884
-27328
-11414
-31393
-21659
-9265
-17040
-15168
19654
-27879
16230
10693
26048
-15879
8661
13769
-21686
13671
-8768
21855
3558
-15168
-16445
-29409
-9860
24908
-11833
23247
-17979
17536
-165
11125
25955
-21138
-21312
21870
-4769
-9008
-22225
-10807
-2717
-27284
-32315
9408
-10379
16873
-9024
19822
11097
32596
-22331
5316
-31546
17241
-26896
-9447
-23722
31693
1216
-31389
-2977
-2219
8645
-4992
21855
17768
25872
-13851
-19606
7616
1175
27802
-18080
-15509
32031
-13361
13162
11721
24401
-8379
4581
-15494
31983
17763
27840
5972
-17571
9571
-4756
17864
10515
2533
-669
-17720
-17215
-18031
-8833
-24209
25029
28486
6597
17258
-420
19648
3404
15698
-10043
19307
10437
-25408
26991
15821
9571
9408
-14996
-17072
-30267
-12864
8544
810
-4833
22357
27481
-17053
-22075
-11072
1407
17858
19648
857
27478
28014
14805
25418
-11835
-669
-10900
17243
-7338
-5169
15808
29877
21914
-11922
30079
7018
26963
9408
29529
-27818
-31551
28012
23888
-3611
11472
19926
-17567
-664
4961
13162
12741
5724
21696
28019
9567
1216
-12647
-16960
11721
16323
4035
-20027
-5792
29804
-7707
-14388
32348
-27456
-6331
11737
22867
-13479
9046
-25649
-7040
-6709
32192
-26795
-18235
-11498
13676
-2611
-1668
-6976
-9386
5471
-21140
10689
32192
-4760
-8880
13771
-23188
3264
-2147
17600
8163
21791
-17563
31004
26588
-4928
11413
-29544
25801
-24232
24942
21965
-26119
21859
23748
-23098
4953
-27818
16332
-4926
-2679
854
32095
-17043
-17072
-20027
-31894
27856
18250
11615
10699
23744
-11431
-23098
7376
31852
-19119
-29863
1383
-23360
-31393
-21930
27077
15552
14316
17245
-20532
27856
-15530
13647
-19092
21696
-30353
-21153
-11413
-9901
-15167
-29345
-5279
23916
-11178
-11115
13450
11409
27802
17835
23888
-5691
19287
-31548
-2151
-23356
7018
-3644
31072
11615
-3478
-21124
4549
-4148
27842
28012
17759
-11040
-14001
25949
-19862
12371
9408
-27268
19792
10693
-7040
-1194
-15929
-24592
-31384
-25392
22895
25029
-26172
-26285
28284
-19264
1949
23776
24959
-31288
-31421
7360
-19092
-23095
-18093
2501
-15498
-6976
-2708
-17025
-21296
-16556
-26139
29124
13644
-4912
3180
-23472
8641
-19232
-14955
19610
-6283
30153
5475
15692
197
2922
1216
-31394
-16954
15552
30060
-17071
-13883
13505
32597
7625
-9639
-23722
-17044
29124
21330
-29223
-7594
28547
-20027
-832
17359
-1174
-31393
-15515
-3744
9302
19648
-24152
9488
16833
-832
24932
-15935
11114
-669
-2977
13142
13174
29061
2140
1218
3925
5577
854
9672
-27697
-26171
19306
-13120
10588
-26155
14284
-25376
1909
31173
-16804
-17216
8041
-7323
-5287
10183
-22189
1173
11674
17763
32104
-17947
-28319
-30884
17600
3436
-10896
-23702
-27297
7013
27535
-2736
11392
-19092
-23212
-30267
-6976
28622
24008
21358
-26349
18901
-11450
29127
-10292
-27456
1987
25951
13098
19306
9049
-20536
-23201
-21653
21603
-13116
3423
-6713
-31552
19820
-17072
-1596
31936
-10260
-28219
28514
12741
20829
-6819
12640
-30907
-20027
-21930
-17042
-21312
-16447
30917
23383
-14996
-17980
-21654
-8612
-31552
-31290
29561
14934
13769
-11940
-26275
505
23701
25752
-30624
7519
25433
850
-29396
-27816
-25770
-7217
-23360
-12977
-31883
7532
-9024
9673
-2880
16332
23901
19805
-27798
3280
-14903
23916
13504
-29396
-25262
-32315
-29504
14791
11092
6092
27776
-17057
19910
-27454
32201
29904
22620
13663
-29866
17295
-21280
-6830
7624
26974
18780
8559
-565
-15880
11350
21728
5834
-22128
-20027
29839
23843
15552
2905
-21676
5328
-31412
-23216
-30251
-9365
29125
-24996
-24870
31936
15715
-17071
25029
17600
-4765
-4663
7001
-30772
27797
-13158
13769
-15530
-8244
-17280
-17108
-27311
-7739
17238
23744
-21149
-317
-1180
7018
31594
-31927
-13887
28620
-21312
-25141
-26257
3529
18921
7360
28105
30051
29888
-27879
5606
-29504
6745
29020
-16035
-24495
-10805
-27288
-24491
27077
19913
19827
-1595
5206
1173
-838
-17275
-31590
-24935
-21310
-22161
28105
2140
6467
-7739
26572
24000
-14996
-23201
21696
5484
3409
22725
-6976
-16436
-4770
7519
-3222
367
24041
2557
-6976
26057
-25770
-20532
-11072
-7904
453
4293
29482
-15931
-24692
-2879
-29863
6998
32099
-15527
-14388
-1593
17494
1152
-104
11456
-19101
23753
-6033
27841
-12919
23748
-14507
3465
-31914
3264
-5809
1371
-13494
-22189
11097
-31882
-25905
17856
-18999
-23188
-15168
-4663
-12864
-25419
-27496
3452
-26171
-31894
10069
856
17238
-25143
-16036
9756
21696
-3638
-1179
-4756
13504
-6828
13147
13667
13504
-20022
-10807
10179
-12013
-4928
-26258
19945
17763
-31548
-660
32095
20847
-4663
27498
-20532
-4767
-29488
26485
4549
17996
-29504
23875
32095
-2880
14265
-816
17744
-6711
-30740
13760
-27818
25951
5248
-7303
-4148
14789
-27191
-832
21599
-25146
-13120
-15020
19033
9575
-9024
1481
-3122
16837
-8768
17759
-5302
21696
9367
17566
-6775
-22176
12384
16869
-31271
-15542
-31287
9046
-14397
20677
11334
-31552
-24679
9440
18543
28105
32067
5312
28510
2917
-21405
11624
19649
-14903
-24120
15695
-3227
5484
19584
7468
-4833
29892
-22763
-8757
4435
2437
15552
14165
-17927
29890
4449
31594
-7707
-10973
14789
-1194
-8249
8581
19664
6515
25431
5471
26991
17238
-19264
-24118
505
-15168
-4157
9503
13125
-29745
-15040
-9383
-17578
-13361
28252
23744
10607
3408
22981
4948
23776
19605
25754
18815
857
23916
17488
13407
-7321
19820
-17212
-4664
-9117
-832
-4523
-31897
-2173
17728
24000
26057
3427
-11056
-31287
-19008
30051
-17575
854
11215
24924
10693
11458
-30262
3529
20435
-7853
-16017
-31285
-19605
30668
-31552
-3121
-13988
32201
15190
14019
16837
11868
11456
-14995
23888
18885
-23360
-16555
11657
-31645
-12980
22917
21354
-23360
1379
-4631
7003
6092
-10660
-4928
24267
-10848
31004
18884
19913
-17055
-26175
7364
14798
12741
-27200
13461
-15206
1315
-32571
-27191
25932
2245
-30772
27734
-10294
25749
-11110
25745
-27238
3737
29888
-7838
20933
18887
-27798
-5691
-12340
3266
7519
28534
-11835
-19606
29890
-25232
-25768
-21149
29888
-2718
-27312
-21155
-9371
-9892
-18740
12743
-11398
-11070
-31288
15725
3280
25964
-12976
-30251
-23344
27513
-13482
-4157
13647
-2219
-28576
-27830
-1659
21840
453
25430
-27289
-13447
-14134
8476
6597
11712
8140
-11431
-27277
31072
-12196
-25143
-13831
-19101
13760
-12932
-684
11721
-23192
-4912
-8762
-11940
19913
-6809
23890
2501
12236
-6944
9367
31882
27493
10592
-689
598
-31616
15728
-1189
-31389
21712
-27284
-13947
-3222
30549
-11447
-1258
-2615
4188
-27456
-27447
17767
-27424
-8878
13145
-19101
9408
-10910
14684
30917
6998
-8244
-3647
874
-17216
17862
-15527
21335
21391
2245
-13462
19811
9408
-4146
32137
598
4033
6597
24524
-6976
-18999
28611
-19606
9567
-29341
28003
29888
-12947
11600
29125
-832
83
-22075
20953
16842
-4769
-12823
11050
-30772
-15018
-4928
-4971
-4902
-30458
9049
-1162
3273
16764
-7844
-17927
7772
9424
31824
-7739
-31552
-31857
32233
-10396
-1595
15552
-25111
-6972
-5794
-11432
-19091
1388
2398
-11839
-31552
-19505
-11670
7013
-5289
15724
-15168
-21157
-23066
-31552
15715
-11063
-6804
17241
25959
3526
32137
1987
-23188
-15523
25887
13143
1628
-11072
29016
9567
-15409
31691
-32319
32732
-27455
30031
30146
-19006
5725
-4992
7629
-25772
-56
-25406
28012
-2736
24773
-7354
-29503
-2923
-4966
1388
-3227
-3222
-25774
-3611
12236
-29503
-6804
29983
21696
-29242
17865
4035
14789
-19328
3909
-1563
25686
-876
1434
23733
-23398
-16977
-688
-567
-25235
-11071
3992
-576
32098
-18999
-30337
-15168
23907
-23739
13166
26720
-9366
27480
15715
20933
20460
19649
-22700
-30271
-2468
-4928
17862
21853
-19606
19648
5460
-22059
15552
-8243
11101
-6196
-2880
-5258
3422
-8850
-13120
19811
20929
-28475
3669
3264
-23188
-2725
7360
-13878
-3899
-576
3436
27985
27077
-831
-27284
-24327
-28316
14789
17601
1375
15810
29892
-6315
3529
13142
23744
22895
-14992
-10915
-4896
-25467
-27496
-28305
-21157
25445
-5796
-2100
31936
6602
18917
-4928
28105
9412
-20162
-13851
13142
-21312
16213
-567
23907
-659
8661
-19606
1110
7362
22932
-5287
17731
-25408
7622
7625
5827
-1593
30144
4459
26057
15715
-15168
29066
-11939
-4919
-17578
-5805
30300
7376
-27187
-9892
-24748
7519
11623
-12952
27842
-21659
-5169
-18084
-19975
3676
7364
-567
-31930
-12340
-2880
9552
-11431
7523
-17216
-15024
11737
2905
31594
-31548
15509
3226
-23098
3407
15210
10069
-15931
6092
-9008
-16919
-15168
-6189
3421
17238
-16938
31557
-2713
16837
4044
1472
25430
-17575
-24747
-16182
-3225
5219
5313
3529
-5686
-29345
13173
-21138
-31536
-4784
17273
15713
9408
23888
453
-27191
-16434
-23466
-832
1306
-21660
5500
25792
20591
-31424
7625
-31378
5312
27997
-9385
-17979
-6976
-19626
7263
-6804
-23719
-24605
-11835
16332
5312
-8762
27481
-21653
-2718
21869
17600
-24211
10693
-9365
-15899
-9023
3221
-2918
27984
-17575
17763
19648
-17983
12797
-24123
-25277
11900
15552
-5777
13632
-29864
20417
-4784
-29504
17731
1360
-673
-30417
25031
-30756
9409
2336
-12855
-3764
16837
29890
8651
-9891
31589
-3647
-29500
29125
-20634
8581
2838
9664
-27288
11600
25450
19803
-3225
-13361
-17072
-21312
-23215
17241
13671
-19248
17768
17744
-7303
-4125
10611
-6960
11619
20832
10693
-16429
5452
-14887
-18749
-24228
31189
-25501
27766
-2879
-4971
5274
-11113
-27494
14720
-22043
-25408
-1191
-7402
-27289
-30368
27079
-6205
-31379
4549
-12404
-17216
-28843
-15935
-13104
-17210
-21638
-6833
-10412
9409
-25262
18887
-18999
6108
-2880
19822
31839
-19328
3270
-29601
-27299
19820
-9024
-17207
29527
-8248
-13119
15190
7519
-52
-4148
-11835
10184
-29096
-6960
13769
7267
17600
23384
-12858
11460
14019
25951
31574
-27194
9049
-7318
18261
15193
27478
-25649
-9008
15561
-2880
-9888
-3222
-13479
-20634
28105
-19090
-32316
-25407
-4975
29834
-21154
20848
19288
17238
19289
27995
-5354
-17322
23744
18138
-1885
-12961
19652
27128
19807
11077
-15168
11721
-9398
-28219
-21312
27980
17745
-7740
-4928
9046
10725
-24465
-10156
-10928
-31912
13098
-28475
-22274
7886
-4928
-6828
-24091
27872
21960
5475
-16047
-24379
16332
-11072
-27549
-19121
-7323
-21686
18780
12793
-11178
25792
-6763
-17270
-25451
-23334
30410
-2759
-30267
-17053
-24996
-12598
27840
10139
-27456
-3222
-24127
-16016
-5764
-3239
4565
4076
-25408
-16935
-17578
18380
-420
-832
17763
-13479
-4265
-21657
-7848
13801
-23188
-13477
11094
-23601
-17216
19913
-5290
-19263
10693
-21642
-21139
1364
-1179
-27293
15193
11657
23651
-22699
23744
-24679
-6976
-28724
-1447
-2068
31938
6998
23902
-17044
24000
-14905
-9787
-9851
-24232
32344
1248
-2151
1217
17359
-6775
10086
6597
1248
11632
-17573
30533
-21312
19605
25752
-29239
25794
28521
21349
4953
-14397
-11949
7360
-19862
17253
-1193
-28724
19839
4207
13126
-25404
3423
15812
3268
-12457
8633
5344
2501
-12320
-13968
-26427
-19602
-21735
12737
-23738
-4413
8389
-8857
7361
-21045
-19626
10188
-4992
17359
-9366
19912
18381
12741
-31389
-9024
-17575
17238
19648
-30781
17759
26972
-1704
-5689
-1075
-10043
-27562
-2923
5306
-11115
-27493
-22099
-17072
18885
-21312
12117
-4663
23907
1324
-17979
2922
25796
-3764
-27783
-17053
9580
31169
-15530
-17980
12236
13536
16672
25951
20812
-29863
25965
27077
12636
-17925
-23328
-23159
9042
20172
-2876
7534
19792
6533
13126
11472
-17053
1483
-11431
16332
18012
23748
24282
-3668
19536
24009
21868
21696
-11431
19811
-13088
15817
-20131
16668
21712
29039
2501
31052
2398
-29503
-21047
854
16332
5314
5071
7551
32095
6092
-28836
-27452
9429
-29510
-20021
15141
21868
-11136
25940
-18999
1830
31173
-29500
-20007
-19105
-7324
-13120
10693
18022
-5947
-25746
-832
10188
3419
11092
4549
-11056
-22172
-9366
32127
-7219
11082
-11063
32597
-2624
10069
30153
-25768
11094
-12948
25029
-5289
-10808
-1198
4035
25029
-14097
1738
13493
1179
27781
29850
-16487
23745
-14397
-6817
-15498
11716
-17947
-15005
-9117
-28187
-4132
25792
-660
-23214
-31285
-23188
27844
-28791
-17215
-23232
7625
-10296
25792
13142
11615
3436
-11178
9367
-870
31893
-11110
12712
-19116
8677
3264
5973
32201
31843
-21140
-5691
-1158
5568
7536
-3643
11465
5986
14789
-20532
-9024
11721
-21376
-23585
11114
-13851
-10807
-8851
13504
-2717
-23719
19407
30032
-21482
-17216
20170
-29269
-3643
92
-7844
-14756
-19264
-3730
-20027
15552
-23453
-688
30152
26972
-32424
-11072
-20532
-19105
7360
20815
5456
30089
25964
-21376
20845
27077
21700
-6205
-25207
-25770
3677
-31030
-11072
-27312
16837
15552
-23147
26010
15719
7657
23385
4076
27766
19648
18876
-23216
-15931
-29866
7376
-29424
2501
-23360
-8852
32031
-27297
-3757
-25408
-6679
-3242
25794
-15931
25428
31839
-13464
-8619
21855
29557
21863
-27454
-24224
27514
7519
19407
-15494
-29235
8021
-25408
-18084
21337
-17055
17768
-23975
29527
23519
-4928
11714
-9365
15695
-26795
-29504
24009
-896
28003
7504
27013
-5796
-29241
11351
11472
6303
4384
-30271
-19642
601
15190
2959
-23360
-21687
-2772
25792
-13163
27802
1481
3432
29892
-11446
-29237
-11450
-6196
-27297
-18603
30236
19648
25872
-7740
-15168
1360
11737
854
22476
-30267
16328
1248
-21669
-10900
21696
-4754
1119
9408
-22699
-20028
-29504
-21047
-3241
-6196
5248
3561
25955
-22445
-26171
28652
30236
-6976
-31032
-21073
-12976
-18999
21804
-29504
-22580
3423
-828
-24071
-19106
-7323
17856
-8363
32201
-3757
25029
-25406
13662
32199
5313
-17043
21584
21321
-15037
10491
-20790
27797
11418
-27435
15514
-22631
7362
9315
25960
-2613
874
-7995
-20531
-23360
-12851
13678
19649
30060
17744
-5691
-21311
-24232
-13479
28003
-5012
857
-31913
-29747
-1002
15552
18328
-25236
-25376
-9874
31945
29795
-4992
-25143
-10909
-2718
-13884
-14523
-7734
-5860
-26119
29892
-10302
-29349
-30836
-26171
-17216
27481
-11434
30028
-9787
2922
32597
9049
25430
-1041
18782
-16187
-14386
31872
10607
-31911
-27284
15728
-13120
-15006
1375
28501
18884
-15168
23685
-29542
11619
7500
4970
-25143
-5290
19407
-9785
-27200
10053
21960
-4157
-3221
3407
-29504
-3752
9673
23382
19407
-17595
13773
-19505
-26427
11350
17632
-5115
16230
10437
-11478
14841
-17216
-12948
-9787
4886
-21144
-12976
-29502
-7908
19288
-15530
-24123
7361
-2708
6762
25801
13142
19811
30150
27077
8810
9066
-28283
10188
1232
-24893
21853
4694
-10899
-19606
11647
-32388
19664
-8852
-8865
1248
23906
1373
-8379
18885
19904
-29483
1178
-12333
17259
-30247
12644
32108
-19687
10177
-23360
17763
31588
-13874
23146
25951
-5531
3404
-11431
-27818
6597
15552
-8759
-17578
1996
1232
11097
1478
-14912
-31364
-23472
-22076
-21910
31109
-13104
8559
-25143
21859
-23104
-568
-11498
-22023
31872
-6813
-8850
31338
-31899
24519
28012
-31897
-21638
18885
-17216
-27348
32095
5312
5228
17728
6533
31940
-11936
-7320
-29361
-19489
-25749
13785
16149
30301
-11136
-1191
7528
11392
-26289
-14903
-29341
-13120
-17227
-11110
-19621
29510
-10301
19805
-26796
-32416
-13462
6597
-23216
22725
-19626
-6813
4952
-32374
29020
-22075
-25408
17772
-15009
-15168
-28843
-11835
-7082
-29488
-18486
5547
17745
-25143
30060
5312
19289
3427
25792
-11156
1392
4985
32099
21696
-20126
9064
9567
21455
9082
19912
3924
-14113
-26934
7616
-71
25824
-4919
19811
20755
-28220
30668
9300
-4969
-25414
13461
-25448
4524
27920
-5689
17601
32597
-4663
-19101
-27284
-20027
15226
21952
-660
21853
-23205
22871
-31552
19820
15697
31109
23744
20824
-29863
5475
-4756
17241
4950
-21521
-29504
-8746
2922
-15009
-8364
5312
3925
-11781
3296
-20130
-14899
26912
-31658
3264
-12598
-28775
19820
19649
4953
28001
23760
20910
-29376
-3627
-19264
31489
-2977
-20532
6597
-17280
-12961
5574
25793
25708
3440
-24107
-23360
6473
790
-28733
-5287
20933
15190
-17044
-21312
-9068
-12902
3029
7641
23923
-4760
-7739
-17557
-29341
-10660
-18806
3264
-17328
-32283
-19264
7523
30153
861
-8212
-20900
-19264
32458
30985
-17594
-16436
32192
-5841
23889
-17980
15190
27840
-5671
-23457
-19595
27840
-6848
-567
-18588
-18043
3280
10524
-1595
-4647
9066
-19626
2533
26588
25792
-19124
-15009
21952
-4829
-13482
-8755
15724
-16447
-4780
31872
-29332
7504
22981
-19248
14789
-19590
11130
-15011
-19606
9408
-4413
7515
-14388
-3643
31936
27797
-4965
9670
31562
-29345
-16811
25792
13676
3408
-13883
29920
3436
-19862
11465
-3744
-31552
17860
4906
-21048
-16555
31169
26140
-23360
-19624
-19076
11460
24939
4953
-32484
14620
19648
-1590
16837
-19264
9324
9033
-427
-5947
21696
-29242
-31393
-19606
-17216
10744
11615
21348
-27456
-29396
-12961
7376
-28292
-20027
-2583
-22682
16837
-938
24266
-21312
18860
-21164
14789
-7338
-15168
-25264
-9787
-17216
20419
-7842
15711
-19101
16837
-22584
21696
17557
-4968
25964
25936
16839
21712
-7812
-19623
15715
-4820
-23687
-25738
11215
-13119
-567
4946
26572
-19264
-23702
453
-11156
-11403
-21638
17238
-13883
12252
-23356
-11431
-10900
24000
13612
28031
-832
-660
1360
-28219
27840
1379
11600
-7739
-14052
3542
-9098
13504
25749
5258
-9067
-7014
-28791
-27456
-2717
5503
17759
-25834
17536
-30372
16853
28121
2922
23382
6597
-8308
-17216
-17042
-25263
-4663
-25236
-6972
320
13178
-19105
-1073
27496
19913
14165
29904
5975
23753
29529
-9390
23660
-17979
31606
-21047
-15529
-28717
25029
13504
-30353
-18999
-21149
-29504
32629
23901
21354
-28203
25792
-22564
-23975
-10809
-16938
11097
-22585
4933
24924
-23187
-17280
-27284
9553
28105
15186
-13116
10137
25792
17488
21897
-2164
-23360
-2923
23770
7624
13667
5219
-7323
20309
-3647
28620
21590
17600
24473
-19263
-31292
23369
17258
32103
23917
-15164
-8757
11628
15724
6597
-12459
-20128
3436
25029
-10260
17600
-17044
-15009
23744
12636
12741
-29239
-23734
4694
9408
30060
-10896
389
-816
-23351
-8845
-25241
-22139
-10411
4554
-14052
14821
-29842
-11072
17241
-5258
3296
367
-4784
-15527
22471
32016
-25392
-26196
-4784
-3643
23744
-3581
-31395
-20596
-1593
19664
21776
32201
8140
7392
-17259
-17253
-5686
-15931
-32313
-25772
23744
24939
-9362
-31909
-19156
-29364
-24379
25430
-31140
-15168
6602
2853
19820
-19264
18261
29541
24514
-27312
15568
9580
13663
31968
8021
31227
-29504
32233
31574
-23722
1359
20985
-14899
-31914
11971
29125
-29108
15553
-4215
17604
-4148
-3495
25955
-20509
5470
-14490
-7737
-23702
-30268
30668
11456
-14980
23888
19913
25708
-2876
3436
-4800
2501
19650
28041
25971
25971
-30267
22341
-11832
-16036
-3899
-31896
25748
-31586
-4784
17865
-28788
-27454
-23722
-5691
24422
-22075
17258
-9008
4570
-28219
-7737
-27818
-11072
-20128
17226
19803
16672
4549
-7314
-20136
-1559
-6976
-14387
-25253
10179
17255
-6315
31173
17222
19820
10629
-22580
-5036
-23424
-14327
26972
-16035
-13120
28012
-15024
-10807
-19092
-8992
18629
18418
-25763
17507
28012
-1659
-28724
3264
31087
-29239
-25309
19664
-25143
-9022
11623
27077
-4740
-31552
-27297
-27194
1152
-31914
23839
-2712
25061
-12957
13461
27800
28102
19306
1311
-24747
7360
21868
-6832
22981
24000
-12976
7625
-3222
-16436
-5777
-31287
15210
-3643
31936
-10292
10693
-10393
-11836
22876
-19105
-28316
20933
-7318
19811
16220
-831
16751
7504
-8865
7392
21824
11720
-36
25728
-8244
-9383
-7737
-20596
5248
1359
13178
13505
20828
-20011
32198
-7060
-13104
-10900
19792
31205
9408
-6205
5471
5957
20576
7629
-21673
-17943
15552
30545
13801
21334
-32259
-25404
-2939
23706
-14087
-11835
-21047
4714
25955
-9024
27082
20933
3270
19807
-5270
-15899
13382
-27455
31149
-6830
31205
-15164
-5373
23647
8140
-1595
19648
-24465
-8759
-8861
27856
13663
30148
-6976
-7844
857
25708
-17108
-30372
31172
-13116
32080
16837
-13988
14656
-29610
-29472
28569
-6804
-23328
-29831
-15005
-9024
-29332
-9368
31588
-24123
-2880
-15000
17744
30089
-23444
-15168
7533
32080
14789
2922
-15899
3265
22863
25025
17258
-1595
5248
31925
13498
11615
18307
16339
-25143
13635
-27815
13599
15190
-18997
8541
13504
-14393
19805
-8363
1876
-20027
25430
-10900
27939
14172
3264
31210
-25755
7532
-13120
-10904
-10928
2501
-4749
27077
-6976
4431
14789
31594
-28283
-23360
21961
-25309
31936
27999
-24224
32201
-18581
19301
-1659
-15136
-8759
-23197
-15166
28012
-23216
-9787
1216
1481
-4749
-19101
-13887
-2219
14795
-16036
25061
15226
-4516
25792
25749
3230
-10269
15647
-9388
9580
9677
-31911
9078
23385
15188
-29746
19650
-29866
-15025
-4740
-688
23385
-21676
25550
-23360
4554
23397
-12948
15553
-19092
7625
19282
11628
-31287
16732
-23717
28154
-17575
8982
11215
23776
25418
-9851
11718
-30523
-31893
449
29558
-61
453
9570
13505
-8916
-15009
-4928
-16032
-15512
-3303
12117
22981
22372
-16951
-32419
-21312
25936
1481
27498
-22580
14703
5577
-17558
-13883
23745
29845
17563
13769
13162
-4158
-15022
-21671
-12932
12741
-30781
-27284
-13451
9067
31205
-19370
-2879
5271
15578
9364
-23398
-6737
25936
-32315
17236
7616
24537
27840
-10301
30043
-175
-20124
-9892
19945
23385
-1450
-28219
30668
-27456
25900
-19106
21696
-17108
-4784
4581
3264
-171
3529
32099
-13204
27073
874
24412
17600
1362
-9755
1216
29020
14937
19811
31852
-13883
-9354
25029
24525
-4928
-30368
17503
18780
857
13692
31173
-16036
-28167
15964
27842
-26681
17258
25029
-12856
-19076
-5691
22476
-21280
26061
-11072
20830
13663
31574
-7217
-21312
9365
-13174
-6315
-6817
14164
29141
-19626
-14996
9344
-19109
17862
-21312
-701
7000
-1700
29125
-15498
-22589
-26171
21728
-20278
4549
17708
-13969
-26139
-11836
27478
17600
9061
-12957
25792
32203
21334
-16692
-9023
-8851
27984
18821
-5546
-17214
-4631
-23722
-21151
22639
-30267
19274
453
6028
21632
-6313
18885
-31658
13461
17560
-11115
-4982
-14646
3385
11647
11109
-17212
5576
-1173
6613
27840
25923
16837
-9851
6481
11129
6998
15309
-21310
21868
15711
-25408
29541
-9388
16332
-32299
-13718
-29341
-660
26059
-21674
8140
13520
-671
-21153
32533
-24127
15725
30016
23385
6742
-11313
7360
-2708
-17068
-18995
-31379
-832
-6205
-29239
-25770
-13481
-29347
-8850
5312
16874
-7995
7392
-3227
11094
-24627
12485
-1158
17763
-31444
27999
-673
22476
1216
12746
25083
-2880
-19308
15578
4601
11599
15205
-3222
7360
-5254
11721
3436
-11431
-25217
-23722
-27191
-16292
-25408
24405
27481
-3242
6092
-20900
-28982
31872
1392
18885
-29500
-2717
28105
-13479
28620
-2484
-29504
11978
-1779
12636
16732
15553
13420
9536
-567
7276
-2880
-27797
-30268
21859
-7579
-3716
-11156
23907
-6960
-31911
19811
11392
17862
13162
27461
-31421
-27268
23402
-14899
-23192
-31975
7519
-30122
5206
-11072
-19079
25951
17189
17600
24437
-5339
-4829
15724
-29504
1175
-17254
-30267
30549
-7840
-6804
505
-9024
-13832
19807
-17819
-31896
-23360
-16555
15193
-23690
-2099
25687
-19264
31135
4951
14684
-22021
-10816
-2706
11600
453
-25834
5312
-13969
13145
6236
24924
-15164
12793
25695
9057
31968
-26685
-23169
16213
4293
-816
13678
-673
19664
-3227
21330
-16436
-9788
-27794
-10909
-4788
-2583
23382
-4148
-13120
-3668
-23216
-24187
19648
-15549
25983
-12340
-26171
-27564
22218
23701
9370
